1.0 0.195 0.127 0.04 0.046
1.0 0.338 0.631 0.048 0.056
1.0 0.383 0.791 0.06 0.05
1.0 0.3215 0.9135 0.047 0.039
1.0 0.9055 0.833 0.067 0.036
1.0 0.647 0.0285 0.04 0.045
1.0 0.4345 0.8695 0.033 0.041
1.0 0.9335 0.3705 0.037 0.033
1.0 0.1855 0.641 0.047 0.07
1.0 0.5885 0.721 0.037 0.06
1.0 0.2065 0.093 0.047 0.032
1.0 0.1935 0.198 0.041 0.052
1.0 0.216 0.0595 0.022 0.035
1.0 0.6465 0.8265 0.049 0.049
1.0 0.7725 0.8745 0.017 0.031
1.0 0.6025 0.2705 0.059 0.061
1.0 0.272 0.066 0.056 0.044
1.0 0.6515 0.687 0.037 0.05
1.0 0.423 0.6125 0.088 0.105
1.0 0.4905 0.573 0.033 0.066
1.0 0.1865 0.7595 0.069 0.071
1.0 0.206 0.9375 0.076 0.041
1.0 0.2745 0.7325 0.051 0.043
1.0 0.4755 0.43 0.057 0.048
1.0 0.7345 0.507 0.025 0.042
1.0 0.665 0.3815 0.028 0.041
1.0 0.582 0.813 0.058 0.052
1.0 0.9075 0.4745 0.063 0.073
1.0 0.3845 0.8315 0.035 0.019
1.0 0.468 0.791 0.074 0.082
1.0 0.2925 0.419 0.031 0.042
1.0 0.7165 0.746 0.041 0.048
1.0 0.919 0.2925 0.094 0.051
1.0 0.4375 0.938 0.073 0.05
1.0 0.1035 0.4915 0.047 0.061
1.0 0.28 0.8225 0.072 0.075
1.0 0.509 0.393 0.108 0.082
1.0 0.5915 0.923 0.043 0.052
1.0 0.6645 0.765 0.043 0.05
1.0 0.8175 0.628 0.041 0.058
1.0 0.868 0.451 0.036 0.044
1.0 0.9545 0.5235 0.089 0.087
1.0 0.736 0.2735 0.062 0.049
1.0 0.4605 0.0755 0.061 0.057
1.0 0.6425 0.1015 0.033 0.043
1.0 0.5525 0.6265 0.077 0.071
1.0 0.19 0.901 0.048 0.02
1.0 0.6525 0.8955 0.039 0.025
1.0 0.928 0.6505 0.054 0.045
1.0 0.8165 0.775 0.033 0.066
1.0 0.813 0.4325 0.06 0.049
1.0 0.668 0.591 0.05 0.084
1.0 0.536 0.941 0.054 0.062
1.0 0.277 0.333 0.05 0.046
1.0 0.8435 0.254 0.053 0.068
1.0 0.36 0.249 0.052 0.05
1.0 0.7535 0.8245 0.051 0.041
1.0 0.513 0.2555 0.038 0.051
1.0 0.871 0.3565 0.074 0.047
1.0 0.8365 0.831 0.059 0.028
1.0 0.641 0.282 0.048 0.076
1.0 0.871 0.761 0.07 0.042
